BAYES
20
3 2 3 2 4 5 6 3 2 2 2 3 2 2 3 3 3 3 2 5
20
2	6	0
2	6	1
1	2
2	1	3
2	6	4
3	15	16	5
2	16	6
2	6	7
3	16	18	8
2	8	9
3	4	7	10
3	4	16	11
2	6	12
2	12	13
3	10	11	14
2	6	15
2	2	16
2	11	17
3	0	6	18
2	5	19

18
  0.877688 0.103494 0.018818
  0.730462 0.190074 0.079464
  0.39694 0.220358 0.382702
  0.796491 0.156883 0.046626
  0.778668 0.17517 0.046162
  0.821619 0.140978 0.037403

12
  0.400201 0.599799
  0.096397 0.903603
  0.082753 0.917247
  0.072346 0.927654
  0.072521 0.927479
  0.233662 0.766338

3
  0.678062 0.078501 0.243437

4
  0.490963 0.509037
  0.497999 0.502001

24
  0.381552 0.478326 0.133568 0.006554
  0.022887 0.097253 0.082042 0.797818
  0.028587 0.164475 0.786902 0.020036
  0.008603 0.019302 0.956 0.016095
  0.013301 0.030794 0.944788 0.011117
  0.397586 0.538675 0.056002 0.007737

45
  0.891403 0.051842 0.023621 0.016566 0.016568
  0.048117 0.025533 0.158218 0.67202 0.096112
  0.061303 0.058753 0.040906 0.058753 0.780285
  0.142865 0.801964 0.019244 0.016041 0.019886
  0.051718 0.202378 0.0874 0.511629 0.146875
  0.03979 0.143951 0.08195 0.05467 0.679639
  0.172362 0.007258 0.784327 0.028793 0.00726
  0.045152 0.018525 0.385161 0.432271 0.118891
  0.26652 0.314802 0.030478 0.338048 0.050152

18
  0.023603 0.167321 0.148472 0.636561 0.019677 0.004366
  0.061419 0.272828 0.224323 0.08979 0.279235 0.072405
  0.028071 0.338898 0.316065 0.109828 0.074474 0.132664

18
  0.15793 0.049059 0.793011
  0.083685 0.774369 0.141946
  0.748206 0.195675 0.056119
  0.646089 0.012369 0.341542
  0.218901 0.463799 0.3173
  0.140978 0.584874 0.274148

12
  0.199786 0.800214
  0.058125 0.941875
  0.383661 0.616339
  0.214202 0.785798
  0.787569 0.212431
  0.585068 0.414932

4
  0.891934 0.108066
  0.109466 0.890534

24
  0.563444 0.436556
  0.563004 0.436996
  0.097495 0.902505
  0.457322 0.542678
  0.526045 0.473955
  0.920066 0.079934
  0.506106 0.493894
  0.494716 0.505284
  0.659748 0.340252
  0.542313 0.457687
  0.482997 0.517003
  0.373473 0.626527

36
  0.757402 0.035339 0.207259
  0.56931 0.406834 0.023856
  0.728356 0.271124 0.00052
  0.080871 0.91883 0.000299
  0.341763 0.461889 0.196348
  0.096511 0.802393 0.101096
  0.087859 0.787382 0.124759
  0.15262 0.6616 0.18578
  0.106375 0.654771 0.238854
  0.021414 0.207502 0.771084
  0.069567 0.314298 0.616135
  0.015845 0.240878 0.743277

12
  0.47883 0.52117
  0.497466 0.502534
  0.097178 0.902822
  0.902497 0.097503
  0.356778 0.643222
  0.688655 0.311345

4
  0.947452 0.052548
  0.049977 0.950023

18
  0.138266 0.232436 0.629298
  0.383738 0.4039 0.212362
  0.287901 0.356049 0.35605
  0.489071 0.353825 0.157104
  0.33261 0.351405 0.315985
  0.396223 0.266805 0.336972

18
  0.484543 0.460349 0.055108
  0.315305 0.027981 0.656714
  0.235772 0.525604 0.238624
  0.100683 0.799702 0.099615
  0.299805 0.06584 0.634355
  0.540484 0.111385 0.348131

9
  0.602484 0.21513 0.182386
  0.66695 0.128226 0.204824
  0.200073 0.258477 0.54145

9
  0.106182 0.213611 0.680207
  0.325741 0.464338 0.209921
  0.532565 0.334357 0.133078

36
  0.648162 0.351838
  0.487862 0.512138
  0.671417 0.328583
  0.610878 0.389122
  0.553354 0.446646
  0.486493 0.513507
  0.470779 0.529221
  0.306762 0.693238
  0.288894 0.711106
  0.624526 0.375474
  0.412621 0.587379
  0.290087 0.709913
  0.339285 0.660715
  0.404368 0.595632
  0.134095 0.865905
  0.551658 0.448342
  0.428947 0.571053
  0.302197 0.697803

25
  0.667532 0.075665 0.052246 0.024568 0.179989
  0.087309 0.864547 0.024981 0.023111 0.000052
  0.085136 0.01612 0.716144 0.032141 0.150459
  0.069666 0.019805 0.091697 0.790909 0.027923
  0.078267 0.020604 0.083393 0.155151 0.662585
