BAYES
20
3 2 3 2 4 5 6 3 2 2 2 3 2 2 3 3 3 3 2 5
20
2	6	0
2	6	1
2	16	2
2	1	3
2	6	4
2	16	5
2	15	6
2	6	7
2	9	8
1	9
2	7	10
2	4	11
2	6	12
2	12	13
2	11	14
2	5	15
2	8	16
2	11	17
2	0	18
2	5	19

18
  0.877688 0.103494 0.018818
  0.730462 0.190074 0.079464
  0.39694 0.220358 0.382702
  0.796491 0.156883 0.046626
  0.778668 0.17517 0.046162
  0.821619 0.140978 0.037403

12
  0.400201 0.599799
  0.096397 0.903603
  0.082753 0.917247
  0.072346 0.927654
  0.072521 0.927479
  0.233662 0.766338

9
  0.801919 0.102574 0.095507
  0.666768 0.04592 0.287312
  0.455692 0.059131 0.485177

4
  0.490963 0.509037
  0.497999 0.502001

24
  0.381552 0.478326 0.133568 0.006554
  0.022887 0.097253 0.082042 0.797818
  0.028587 0.164475 0.786902 0.020036
  0.008603 0.019302 0.956 0.016095
  0.013301 0.030794 0.944788 0.011117
  0.397586 0.538675 0.056002 0.007737

15
  0.274243 0.502474 0.187822 0.018907 0.016554
  0.047624 0.063154 0.243118 0.528136 0.117968
  0.139513 0.189672 0.048782 0.173444 0.448589

18
  0.068315 0.318173 0.211578 0.160413 0.116922 0.124599
  0.034335 0.014937 0.249523 0.674035 0.013583 0.013587
  0.005667 0.483378 0.156196 0.115764 0.180454 0.058541

18
  0.15793 0.049059 0.793011
  0.083685 0.774369 0.141946
  0.748206 0.195675 0.056119
  0.646089 0.012369 0.341542
  0.218901 0.463799 0.3173
  0.140978 0.584874 0.274148

4
  0.791224 0.208776
  0.053426 0.946574

2
  0.357856 0.642144

6
  0.504874 0.495126
  0.498032 0.501968
  0.613742 0.386258

12
  0.680583 0.263088 0.056329
  0.160296 0.745185 0.094519
  0.103842 0.736331 0.159827
  0.031057 0.246304 0.722639

12
  0.47883 0.52117
  0.497466 0.502534
  0.097178 0.902822
  0.902497 0.097503
  0.356778 0.643222
  0.688655 0.311345

4
  0.947452 0.052548
  0.049977 0.950023

9
  0.321556 0.29586 0.382584
  0.360788 0.379996 0.259216
  0.341271 0.312078 0.346651

15
  0.447235 0.268398 0.284367
  0.03374 0.848375 0.117885
  0.101349 0.105051 0.7936
  0.312437 0.204473 0.48309
  0.444814 0.438407 0.116779

6
  0.218861 0.203738 0.577401
  0.644672 0.226197 0.129131

9
  0.106182 0.213611 0.680207
  0.325741 0.464338 0.209921
  0.532565 0.334357 0.133078

6
  0.575379 0.424621
  0.419269 0.580731
  0.247844 0.752156

25
  0.667532 0.075665 0.052246 0.024568 0.179989
  0.087309 0.864547 0.024981 0.023111 0.000052
  0.085136 0.01612 0.716144 0.032141 0.150459
  0.069666 0.019805 0.091697 0.790909 0.027923
  0.078267 0.020604 0.083393 0.155151 0.662585
